Alpha,Energy
0.02,-1.5036219937311313
0.02,-1.4939775709324592
0.02,-1.470532413155829
0.02,-1.4493924057969776
0.02,-1.436010514278638
0.02,-1.4338573246323545
0.02,-1.4295210975436303
0.02,-1.4169117450878226
0.02,-1.415115041180303
0.02,-1.4039199705609624
0.02,-1.3872829842749554
0.02,-1.3683316642451042
0.02,-1.3475208167139237
0.02,-1.3251859504601715
0.02,-1.3015941645922657
0.02,-1.2769742812748552
0.02,-1.2515296812241334
0.02,-1.2254454153937795
0.02,-1.1988928382990711
0.02,-1.172031564390786
0.02,-1.1450142806269588
0.02,-1.1179892836423693
0.02,-1.0910841748111988
0.02,-1.0644652215144352
0.02,-1.0382629385314275
0.02,-1.0124841189860863
0.02,-0.987693990154421
0.02,-0.9633788565555041
0.02,-0.9396126549404387
0.02,-0.9191240049528948
0.02,-0.8951007810757992
0.02,-0.876056736249616
0.02,-0.8627650524262895
0.02,-0.8289987256802804
0.02,-0.8213792455330474
0.02,-0.8122399226855718
0.02,-0.7686598164857285
0.02,-0.7570277738952631
0.02,-0.730271737806198
0.02,-0.7009953417158247
0.02,-0.6839925339272985
0.02,-0.6260347693404346
0.02,-0.6003287402490809
0.02,-0.5435235230419068
0.02,-0.518906752923965
0.02,-0.4720159785664344
0.02,-0.4069178649540628
0.02,-0.3624646428082962
0.02,-0.20848124929099665
0.02,-0.1724818951602347
0.02,0.9049472131189427
0.02,0.9561427505078506
0.02,1.1670708602382986
0.02,1.2205395244147899
0.02,1.3379218458674742
0.02,1.3565310581588714
0.02,1.3883749705739115
0.02,1.4524709966777494
0.02,1.4603308041884402
0.02,1.4986941598654886
0.02,1.5250962741114453
0.02,1.5415943408823667
0.02,1.5711730643224184
0.02,1.585334635217309
0.02,1.6049870988729587
0.02,1.6304207288019934
0.02,1.6458064459898933
0.02,1.6680174333871385
0.02,1.6908202719120935
0.02,1.7103974419243704
0.02,1.7317701655090634
0.02,1.752805048275918
0.02,1.7733919409087955
0.02,1.7947600866604545
0.02,1.8164432444808183
0.02,1.8383066074375551
0.02,1.8601339722856958
0.02,1.8807453557829876
0.02,1.8954655504027245
0.02,1.9075368432995001
0.02,1.925187803007607
0.02,1.9410940842004119
0.02,1.959039646219086
0.02,1.9720538928066866
0.02,1.9941086243598956
0.02,2.000736663510361
0.02,2.0300508995179083
0.02,2.031998168916412
0.02,2.0671562103228247
0.02,2.067571683276367
0.02,2.105093830181999
0.02,2.1051703872377066
0.02,2.142861133102529
0.02,2.142873698425592
0.02,2.179040740621407
0.02,2.1790427611481444
0.02,2.2108792232068892
0.02,2.2108794143556705
0.02,2.2343846271241814
0.02,2.2343847256193627
0.02,4.045638558986897
0.02,4.056847926323501
0.02,4.100701505831726
0.02,4.1158408161940905
0.02,4.147996954254274
0.02,4.164436856874267
0.02,4.18818904857607
0.02,4.204942744111651
0.02,4.222217227647236
0.02,4.238691589728072
0.02,4.250485458235587
0.02,4.266204461603209
0.02,4.273481421495544
0.02,4.288594508712531
0.02,4.2928531560568555
0.02,4.308026276081522
0.02,4.310153479586811
0.02,4.326073562265864
0.02,4.32662975280885
0.02,4.344980992500257
0.02,4.345032675500101
0.02,4.3670978014665955
0.02,4.367099531932037
0.02,4.3939895534503295
0.02,4.393989576417528
0.02,4.427060785747328
0.02,4.427060785882181
0.02,4.466853198853055
0.02,4.4668531988558895
0.02,4.512784617123508
0.02,4.512784617245965
0.02,4.5633910769896335
0.02,4.5633910836095275
0.02,4.616532414029025
0.02,4.616532797392835
0.02,4.669482528385362
0.02,4.669502614115552
0.02,4.718399460000312
0.02,4.719140223806607
0.02,4.754719185454073
0.02,4.7642770989082655
0.02,4.788488658730144
0.02,4.811881822055592
0.02,4.839182559293209
0.02,4.8692207227925905
0.02,4.90231790380476
0.02,4.938784029087668
0.02,4.979029186572467
0.02,5.023460895711806
0.02,5.072436193974091
0.06,-1.526200499065229
0.06,-1.5262004659365103
0.06,-1.5262003143003504
0.06,-1.4852245655936616
0.06,-1.4852244873963016
0.06,-1.4852227183420061
0.06,-1.4572827302037785
0.06,-1.4572820643089224
0.06,-1.4572741555539157
0.06,-1.4012349245191749
0.06,-1.4011661951202705
0.06,-1.4011624965701206
0.06,-1.3288791277514782
0.06,-1.328864494383908
0.06,-1.3287527540696127
0.06,-1.2475329741982342
0.06,-1.2474806666431209
0.06,-1.2471946611522353
0.06,-1.1633159279079144
0.06,-1.1610857720247092
0.06,-1.1608956680159246
0.06,-1.0777459191103045
0.06,-1.0771805726876555
0.06,-1.0727818070881885
0.06,-0.9973024082913828
0.06,-0.9926509055883556
0.06,-0.9905486762547672
0.06,-0.9302438008521796
0.06,-0.9145505890396554
0.06,-0.9096380730748568
0.06,-0.8671914780849832
0.06,-0.8631344726688622
0.06,-0.8187598154726822
0.06,-0.8020657899789113
0.06,-0.7485098807827266
0.06,-0.7295954086302351
0.06,-0.7176413159177581
0.06,-0.7065850899463547
0.06,-0.6960875160851553
0.06,-0.6870550481403748
0.06,-0.6828152893652945
0.06,-0.5888780164227982
0.06,-0.5880266799863177
0.06,-0.5320350379059176
0.06,-0.4413678913729405
0.06,-0.44134672130387465
0.06,-0.40552575049001915
0.06,-0.34875739923625737
0.06,-0.3487239260636685
0.06,-0.29195209286868395
0.06,0.8587449284238541
0.06,0.8587501678613907
0.06,0.9839521255768935
0.06,1.1625959488197648
0.06,1.3030161556993485
0.06,1.3031676282396105
0.06,1.4465665725321406
0.06,1.5009978293864086
0.06,1.5067960073183946
0.06,1.5250849568044988
0.06,1.531897670751505
0.06,1.5406469790382868
0.06,1.5978619668537757
0.06,1.617216359647437
0.06,1.6238187692168906
0.06,1.6527654172402426
0.06,1.681794458614177
0.06,1.7013926857031343
0.06,1.7177718554250485
0.06,1.7317165730698925
0.06,1.7619406812291483
0.06,1.7813102635085059
0.06,1.787838703036371
0.06,1.8275084179517749
0.06,1.8302082535254334
0.06,1.8383701146418854
0.06,1.8760876141219147
0.06,1.876800347827758
0.06,1.8804635166250065
0.06,1.9037570726287445
0.06,1.904917937917339
0.06,1.90710497041364
0.06,1.9796990100125846
0.06,1.9816830208093785
0.06,1.9820211447638876
0.06,2.000799534285541
0.06,2.001650369233021
0.06,2.001856530892287
0.06,2.1002698680660328
0.06,2.1003312433185943
0.06,2.100924138605689
0.06,2.105271976429583
0.06,2.105322465294627
0.06,2.105842393476027
0.06,2.1903987325165613
0.06,2.1905061409789894
0.06,2.1905156880448193
0.06,2.1917397493490687
0.06,2.1918427078647027
0.06,2.1918515827061396
0.06,4.0424545223898445
0.06,4.042454522393175
0.06,4.072519863478342
0.06,4.116681646649615
0.06,4.141990517606705
0.06,4.141990517755769
0.06,4.1996870087576745
0.06,4.2133287541901705
0.06,4.213328756025794
0.06,4.24910965403975
0.06,4.2645255291406485
0.06,4.264525537632895
0.06,4.280801662219523
0.06,4.299377555935066
0.06,4.299377577067482
0.06,4.323671175127957
0.06,4.323671200418297
0.06,4.3266042263497235
0.06,4.332424988044294
0.06,4.350833447496813
0.06,4.3508336260380975
0.06,4.370060166897851
0.06,4.370060169084711
0.06,4.3947968123194805
0.06,4.395098510442165
0.06,4.427577741581565
0.06,4.427581884112118
0.06,4.467106666467751
0.06,4.467106666469181
0.06,4.5129270791419716
0.06,4.512928487964534
0.06,4.5633522146029994
0.06,4.5636077744959405
0.06,4.6165540804850025
0.06,4.616554080488908
0.06,4.669369073167305
0.06,4.669369080087861
0.06,4.712693715093087
0.06,4.725459509045446
0.06,4.758120968386672
0.06,4.7581209684686705
0.06,4.811455204589299
0.06,4.811455204721623
0.06,4.819847624478963
0.06,4.90084853691607
0.06,4.901974359728607
0.06,4.901974359743302
0.06,5.020249340955216
0.06,5.020249340956461
0.06,5.020293879820483
0.14,-1.5872948579802308
0.14,-1.5869847412087088
0.14,-1.586983319478261
0.14,-1.5862854107099875
0.14,-1.586285330365194
0.14,-1.5857067045875255
0.14,-1.5855143176362678
0.14,-1.43274723613253
0.14,-1.4314626005165323
0.14,-1.4303926165350547
0.14,-1.4293111351236927
0.14,-1.4287694482477793
0.14,-1.4272420147824296
0.14,-1.4264012443517422
0.14,-1.2332349032400562
0.14,-1.2297916699289664
0.14,-1.2206338971025048
0.14,-1.220221289159898
0.14,-1.20449637863853
0.14,-1.2024926693710662
0.14,-1.1912626459547693
0.14,-1.0504921915540368
0.14,-1.0287266223731057
0.14,-1.0210277529081848
0.14,-0.9902933097896041
0.14,-0.9898803473872293
0.14,-0.9503641967760642
0.14,-0.9432257972022375
0.14,-0.830812303786687
0.14,-0.8050624336378936
0.14,-0.7797305220252886
0.14,-0.7670209193072223
0.14,-0.748836367941084
0.14,-0.7306359027806806
0.14,-0.7123172501394468
0.14,-0.6576065912070944
0.14,-0.6422947604876965
0.14,-0.6211467253543409
0.14,-0.6066956460251739
0.14,-0.5935256768022359
0.14,-0.5840717435858424
0.14,-0.5718564761894956
0.14,-0.5538830582292122
0.14,-0.42855943907425764
0.14,-0.42525211041438926
0.14,-0.4151856357477869
0.14,-0.41512475070391125
0.14,-0.40297066326619624
0.14,-0.4028445980163034
0.14,-0.319082217282495
0.14,0.9419072017752181
0.14,0.9423702007173933
0.14,0.9447101497964397
0.14,0.9466881664895063
0.14,0.9488770548020123
0.14,0.9512642110494729
0.14,1.0514170742764721
0.14,1.5014832946096917
0.14,1.585728999185453
0.14,1.5966552087505743
0.14,1.6067176979366224
0.14,1.6132502875213144
0.14,1.6272355139405748
0.14,1.6299568536953692
0.14,1.7017073628065156
0.14,1.725061930798328
0.14,1.734120995213044
0.14,1.7423347631646815
0.14,1.7509766081442792
0.14,1.755619974230262
0.14,1.7718495545041577
0.14,1.7802934387383762
0.14,1.85634291902315
0.14,1.8660817088248185
0.14,1.8777351135473532
0.14,1.8827164315571185
0.14,1.8885745750675533
0.14,1.8919451239004925
0.14,1.9016465179540858
0.14,1.903658007448832
0.14,1.9126720233944332
0.14,1.9177105979327917
0.14,1.919418444213544
0.14,1.9409781743202772
0.14,1.9477630361539096
0.14,1.9657409652429134
0.14,2.080662027421468
0.14,2.091031547280186
0.14,2.095329279501846
0.14,2.105785041869717
0.14,2.106576092492706
0.14,2.1140707323538663
0.14,2.1175791224825335
0.14,2.1235783460175712
0.14,2.1298129148052745
0.14,2.132205346849943
0.14,2.137858388025205
0.14,2.1386494554241677
0.14,2.14438887758299
0.14,2.1457650850416092
0.14,4.079158487663777
0.14,4.0791584882716165
0.14,4.079483220986619
0.14,4.079483223421714
0.14,4.079740522033298
0.14,4.07974937155211
0.14,4.106417600260463
0.14,4.22103218839242
0.14,4.275428997296406
0.14,4.275429049949217
0.14,4.276853872875586
0.14,4.276853915907686
0.14,4.278059091209511
0.14,4.278124494949453
0.14,4.313895102762888
0.14,4.346667706730247
0.14,4.346667744037093
0.14,4.349995160577085
0.14,4.3499951632542535
0.14,4.355476158447286
0.14,4.355552205792735
0.14,4.38020996109622
0.14,4.380472522361733
0.14,4.400090715608582
0.14,4.400090717008646
0.14,4.430288053715365
0.14,4.430288055767351
0.14,4.467426430944445
0.14,4.468513893173737
0.14,4.514213235445043
0.14,4.514214073560857
0.14,4.564300484481152
0.14,4.564300484481162
0.14,4.616399983457568
0.14,4.616400224135147
0.14,4.6564986074563155
0.14,4.686711370186688
0.14,4.723282077113675
0.14,4.723282087035757
0.14,4.763528694013789
0.14,4.763528694024525
0.14,4.788633715505888
0.14,4.78865750098075
0.14,4.930911116237179
0.14,4.930919601365482
0.14,4.939720688582381
0.14,4.939720688584169
0.14,4.948727924349
0.14,4.948727931784386
0.14,4.952256704342355
0.18,-1.6072007832832478
0.18,-1.60684475414587
0.18,-1.606135182204017
0.18,-1.6060248320783947
0.18,-1.6033402674740724
0.18,-1.6024370962696002
0.18,-1.601691284827524
0.18,-1.6015334483300485
0.18,-1.6009464151331096
0.18,-1.3790828750923003
0.18,-1.3737718510751726
0.18,-1.373768432121154
0.18,-1.3588249712887828
0.18,-1.3551585916563125
0.18,-1.3391030242969786
0.18,-1.33896407950531
0.18,-1.324703505560116
0.18,-1.3244607938966866
0.18,-1.109957661102582
0.18,-1.1067246916149893
0.18,-1.0868281201770706
0.18,-1.0865627688861685
0.18,-1.026109550626462
0.18,-0.9880811491442638
0.18,-0.9794639319817611
0.18,-0.9763047047144295
0.18,-0.9636245941451747
0.18,-0.829092367880073
0.18,-0.8124111477200785
0.18,-0.7982376022300955
0.18,-0.7813661833965136
0.18,-0.7694781517554387
0.18,-0.7050564907463643
0.18,-0.6922368453231363
0.18,-0.6782470658479882
0.18,-0.66879910104415
0.18,-0.6022215464726424
0.18,-0.5923408031757799
0.18,-0.5850612909414007
0.18,-0.5788118467416759
0.18,-0.5720769574694152
0.18,-0.457738934796585
0.18,-0.457074505729524
0.18,-0.4420301057469909
0.18,-0.4415490560699713
0.18,-0.4155320041262767
0.18,-0.41224194088740646
0.18,-0.39885107808010023
0.18,-0.3988462465009995
0.18,-0.3155319701173889
0.18,0.9771259471111765
0.18,0.9786118642528415
0.18,0.9824236145907982
0.18,0.9921132056217326
0.18,1.0013038903482023
0.18,1.0037242892255196
0.18,1.0065272685262552
0.18,1.0080534655180442
0.18,1.0738853953856267
0.18,1.6492613462872718
0.18,1.6790654572148507
0.18,1.6831084396264062
0.18,1.6863249792357713
0.18,1.6938126150022301
0.18,1.7045736397993343
0.18,1.757656163943322
0.18,1.7653172200352583
0.18,1.7710988388855287
0.18,1.7870098276671675
0.18,1.801467072229774
0.18,1.8095299521252677
0.18,1.8148844021518904
0.18,1.8179862896005012
0.18,1.8314521164690916
0.18,1.832716789559961
0.18,1.8504632462836206
0.18,1.8504950917224459
0.18,1.869519438275623
0.18,1.8893595447611202
0.18,1.8917593620170219
0.18,1.9076718058787432
0.18,1.907703227032486
0.18,2.018993618437011
0.18,2.029605029738431
0.18,2.0315072762140662
0.18,2.03752393290739
0.18,2.0421274893838355
0.18,2.047439499940067
0.18,2.0608235933989945
0.18,2.064669654303865
0.18,2.073847862796313
0.18,2.1075671500524304
0.18,2.1112179429054727
0.18,2.1173181686381075
0.18,2.118537476783163
0.18,2.1462568852899766
0.18,2.147367171952582
0.18,2.149851382792605
0.18,2.1509099552799467
0.18,2.1521588297354812
0.18,4.099956940437787
0.18,4.0999601586874235
0.18,4.099989099611327
0.18,4.100011748574202
0.18,4.100100324123629
0.18,4.100213285610286
0.18,4.100248913596933
0.18,4.100257851510659
0.18,4.120231006782575
0.18,4.264549082970771
0.18,4.322583849755136
0.18,4.32258385128684
0.18,4.324957024383327
0.18,4.325302878945121
0.18,4.327440365657333
0.18,4.3274414836298725
0.18,4.328619902312368
0.18,4.328622446756245
0.18,4.3460867313557765
0.18,4.373495192623017
0.18,4.373495192632816
0.18,4.3840770101127156
0.18,4.3841152227080915
0.18,4.403589714846135
0.18,4.403589716899821
0.18,4.432072457395332
0.18,4.43207249182452
0.18,4.471296947090012
0.18,4.471298173103091
0.18,4.515274103687294
0.18,4.515274103691922
0.18,4.557017843959582
0.18,4.574854414909392
0.18,4.619221003701435
0.18,4.619221003701443
0.18,4.670222022345199
0.18,4.6706112776882325
0.18,4.716869378668423
0.18,4.716869378684523
0.18,4.748112443869065
0.18,4.748112571324669
0.18,4.8823765535704196
0.18,4.882376696287025
0.18,4.899992587864278
0.18,4.899992588662133
0.18,4.919638222822104
0.18,4.9196800913797025
0.18,4.933330544918447
0.18,4.933330544919903
0.18,4.938117434618664
0.22,-1.6281840006391017
0.22,-1.6280748476378244
0.22,-1.6238804995333462
0.22,-1.6238802031811994
0.22,-1.6158866602381994
0.22,-1.613218255703139
0.22,-1.6060392029959938
0.22,-1.6059466030538678
0.22,-1.5979531764746002
0.22,-1.5979518196574227
0.22,-1.5946233555188485
0.22,-1.3232920566824422
0.22,-1.3146216518512013
0.22,-1.3142659941535233
0.22,-1.2930216190972403
0.22,-1.292660771354936
0.22,-1.243426726877436
0.22,-1.2121048500621172
0.22,-1.2016829734787047
0.22,-1.2003057252785208
0.22,-1.1826810254412565
0.22,-1.1770319604922388
0.22,-0.9495568527429636
0.22,-0.9340957656505978
0.22,-0.920154485074318
0.22,-0.9125877525833693
0.22,-0.892751691368284
0.22,-0.8806314549878909
0.22,-0.7688712096956305
0.22,-0.7600120828225398
0.22,-0.7466607727779319
0.22,-0.7342993244662979
0.22,-0.7261745423745652
0.22,-0.6247258547974155
0.22,-0.6149981440978319
0.22,-0.6061578331925129
0.22,-0.5989936756126307
0.22,-0.591938039260865
0.22,-0.5820136285891048
0.22,-0.49622264454796583
0.22,-0.4939096285750242
0.22,-0.4783411717410821
0.22,-0.478216721628501
0.22,-0.46335347840037355
0.22,-0.4235247979875357
0.22,-0.4096150455293542
0.22,-0.40900395806650014
0.22,-0.3937128902746358
0.22,-0.39369483883158324
0.22,-0.311516284745621
0.22,1.0086148275477245
0.22,1.009493844074019
0.22,1.0157579526720466
0.22,1.0221658603382486
0.22,1.041330133902993
0.22,1.0632136903114053
0.22,1.06645689155507
0.22,1.0720906863921844
0.22,1.0763412866540367
0.22,1.0792397700628482
0.22,1.10036654765773
0.22,1.7527075518895248
0.22,1.753593330467958
0.22,1.757136103602512
0.22,1.7585694992198635
0.22,1.7644584972725963
0.22,1.7835354363693494
0.22,1.7981516571271965
0.22,1.8117492912349722
0.22,1.8123423734042452
0.22,1.8270451527635254
0.22,1.8274399052350838
0.22,1.82950330129596
0.22,1.8322299346540212
0.22,1.8448702444362086
0.22,1.8448942425206853
0.22,1.8586561275354658
0.22,1.8603732153680015
0.22,1.8749299376318107
0.22,1.9246711605071354
0.22,1.9273198561048084
0.22,1.951408001544332
0.22,1.951508140378507
0.22,2.0057018044865766
0.22,2.0467659681640256
0.22,2.048075216730778
0.22,2.0545320952653965
0.22,2.0606888309086635
0.22,2.075273567352801
0.22,2.0857189290891602
0.22,2.095451050246342
0.22,2.100520842493843
0.22,2.1049061401440046
0.22,2.1103607438018273
0.22,2.1189362853371256
0.22,2.1510818301408974
0.22,2.1519835045570463
0.22,2.1618997513249183
0.22,2.1624714031747527
0.22,2.1668249945212423
0.22,4.116591305502079
0.22,4.116595067110119
0.22,4.117885174387091
0.22,4.117885194416612
0.22,4.119903571667037
0.22,4.120463661785721
0.22,4.122899899723003
0.22,4.122904776121107
0.22,4.1250338449990664
0.22,4.125033852859337
0.22,4.134785296955928
0.22,4.317185210969459
0.22,4.3556805397102325
0.22,4.355680549056871
0.22,4.3565164869857735
0.22,4.356516489190848
0.22,4.358353282115097
0.22,4.358730664374781
0.22,4.362443520320985
0.22,4.3624444209224436
0.22,4.368748187238818
0.22,4.368748187339446
0.22,4.384505755274382
0.22,4.410393010815557
0.22,4.410393010993327
0.22,4.43719503664024
0.22,4.437195038871642
0.22,4.468168549106025
0.22,4.479760190895026
0.22,4.518199667976782
0.22,4.518199667992386
0.22,4.566985194976646
0.22,4.5669853729867205
0.22,4.618706086467618
0.22,4.618740153369957
0.22,4.667727674484063
0.22,4.66772767448409
0.22,4.704185525678838
0.22,4.7041868732445025
0.22,4.828734481066719
0.22,4.828735201981095
0.22,4.855510759111069
0.22,4.855510759111251
0.22,4.885429267743147
0.22,4.885765397734798
0.22,4.910255048755801
0.22,4.9102550548565205
0.22,4.925777693378612
0.22,4.925777693433925
0.22,4.931076115172003
0.26,-1.6508918041398173
0.26,-1.6508917970507264
0.26,-1.6426450580423504
0.26,-1.6426448914798482
0.26,-1.629556306729536
0.26,-1.629550420106712
0.26,-1.6116895378741274
0.26,-1.6115341928053815
0.26,-1.5946283276200601
0.26,-1.591082166594341
0.26,-1.5718726448127984
0.26,-1.5632473763237795
0.26,-1.5572395503525218
0.26,-1.2542600586396018
0.26,-1.2303688015122956
0.26,-1.2093141526184277
0.26,-1.2035283887056054
0.26,-1.1814980501955694
0.26,-1.1599969021950063
0.26,-1.15461583048161
0.26,-1.1263224087982422
0.26,-1.1239710734720731
0.26,-1.0722488098640657
0.26,-1.0715925859027817
0.26,-0.954690712634701
0.26,-0.9545166886451325
0.26,-0.7475298309504647
0.26,-0.7438663468792558
0.26,-0.7180921420695252
0.26,-0.7044418957559133
0.26,-0.6865346376146478
0.26,-0.6690981977213014
0.26,-0.6520930933700592
0.26,-0.6366075267918077
0.26,-0.6234773130268421
0.26,-0.6137116634181915
0.26,-0.6074895231414821
0.26,-0.5609981059136271
0.26,-0.5608054045550507
0.26,-0.48653432753298465
0.26,-0.48652982035253056
0.26,-0.46509641801728135
0.26,-0.4650852848605355
0.26,-0.4389626881783119
0.26,-0.43894370066779637
0.26,-0.41316305622627464
0.26,-0.4121916338556633
0.26,-0.40051769224325173
0.26,-0.38881940339979615
0.26,-0.3103315789070391
0.26,1.0172312338104539
0.26,1.046075137377079
0.26,1.052958178592777
0.26,1.0544395367072088
0.26,1.0836644886127467
0.26,1.0938378228002645
0.26,1.1030021711717393
0.26,1.1098081092123369
0.26,1.1202190103389789
0.26,1.1402318304541403
0.26,1.1412374561735674
0.26,1.1836868490491441
0.26,1.1837585771561698
0.26,1.765014742551436
0.26,1.7681129866490057
0.26,1.7714925003540674
0.26,1.7861150889489876
0.26,1.7866403355242233
0.26,1.8081289739647228
0.26,1.8081701209745558
0.26,1.830212004896892
0.26,1.8302134956759517
0.26,1.8457059860153975
0.26,1.8457071260081457
0.26,1.8788098907662496
0.26,1.8788144304088894
0.26,1.921318936413605
0.26,1.921524387048664
0.26,1.9323171528246745
0.26,1.9489266214662286
0.26,1.950127464754625
0.26,1.9664907738106276
0.26,1.9679151316162684
0.26,1.98496762123945
0.26,1.988815288186846
0.26,2.017994964294316
0.26,2.029598385785475
0.26,2.052791309631607
0.26,2.087855043018105
0.26,2.120356737676316
0.26,2.125173271404003
0.26,2.1265561701576217
0.26,2.142421230082704
0.26,2.1439626511457575
0.26,2.149871586385703
0.26,2.155876494084156
0.26,2.1680976422280795
0.26,2.168803939329907
0.26,2.1707959808069934
0.26,2.182248585149146
0.26,4.1315562546956075
0.26,4.131556254845386
0.26,4.133859869447165
0.26,4.133859872254518
0.26,4.137484564581488
0.26,4.137484623961645
0.26,4.142276898302838
0.26,4.142280052638482
0.26,4.146982439882769
0.26,4.1472112367353136
0.26,4.1483583533508215
0.26,4.150424260859552
0.26,4.15145526440757
0.26,4.375968105463286
0.26,4.375968105546563
0.26,4.377449010350003
0.26,4.377449010404584
0.26,4.380676943984836
0.26,4.380677013069234
0.26,4.38714258058797
0.26,4.3871427319555245
0.26,4.387736162735419
0.26,4.398391571260115
0.26,4.4006018549871335
0.26,4.412543469469381
0.26,4.421647684013173
0.26,4.4425680860042345
0.26,4.478916265578712
0.26,4.479023742744936
0.26,4.521165162171055
0.26,4.521166243926492
0.26,4.568714227715675
0.26,4.5687142323399605
0.26,4.61754125277395
0.26,4.617541252787161
0.26,4.657396127390038
0.26,4.657396127390129
0.26,4.770911517082329
0.26,4.770911517082348
0.26,4.806080358083521
0.26,4.806080358083933
0.26,4.845497560732207
0.26,4.845497560883152
0.26,4.879902509602676
0.26,4.879902533969672
0.26,4.906036051427698
0.26,4.906046020836358
0.26,4.921944686040559
0.26,4.9222755388607755
0.26,4.927811247012821
0.34,-1.6988257696518687
0.34,-1.6928066216464228
0.34,-1.6697312984246395
0.34,-1.6605509432439765
0.34,-1.6443084905822196
0.34,-1.6355849216678018
0.34,-1.6193502846366838
0.34,-1.6177196985175928
0.34,-1.5906183457340175
0.34,-1.5901156045823164
0.34,-1.5658939691600138
0.34,-1.5579661116241121
0.34,-1.538360627705804
0.34,-1.5160307218243996
0.34,-1.4864217972905085
0.34,-1.4465714845243491
0.34,-1.3858747481767815
0.34,-1.051977387736971
0.34,-1.0048990873139858
0.34,-0.9700681292903258
0.34,-0.9438800802135363
0.34,-0.9238975100539644
0.34,-0.9068763519834956
0.34,-0.889707068207505
0.34,-0.8714443476897438
0.34,-0.8530602971641488
0.34,-0.8347329776112326
0.34,-0.8192820291217744
0.34,-0.8030037213113164
0.34,-0.7917587069695315
0.34,-0.7759708400220452
0.34,-0.7619035732364329
0.34,-0.7515995785468904
0.34,-0.7385880100648792
0.34,-0.5025457722723264
0.34,-0.489939045437628
0.34,-0.4780091247573264
0.34,-0.467325935746141
0.34,-0.45801354526339233
0.34,-0.45007253758207105
0.34,-0.4434844965049719
0.34,-0.4377975337933199
0.34,-0.43559880525412364
0.34,-0.42621047326126404
0.34,-0.4258843967751787
0.34,-0.41192726551873665
0.34,-0.41081702542773446
0.34,-0.3944868760327842
0.34,-0.39259141879124404
0.34,-0.31270863766175166
0.34,1.037778584373199
0.34,1.0486084048000586
0.34,1.090730876411749
0.34,1.1039939128680787
0.34,1.1338702609807767
0.34,1.1476362016242465
0.34,1.1590753057760026
0.34,1.1865113003968883
0.34,1.1872225089353337
0.34,1.2222812469681401
0.34,1.2278004315275282
0.34,1.2531169284782169
0.34,1.2739810089172834
0.34,1.3018235663468798
0.34,1.3338863458617936
0.34,1.3715007179795045
0.34,1.416012595990179
0.34,1.7612301368440428
0.34,1.7769250132673395
0.34,1.7896459777955114
0.34,1.802452928237755
0.34,1.8058767423245328
0.34,1.827581470054416
0.34,1.8276627365010176
0.34,1.8503610413094516
0.34,1.8570747511134797
0.34,1.8571830019137143
0.34,1.8871860676122054
0.34,1.8880819052965707
0.34,1.9142142555345034
0.34,1.9207544155411913
0.34,1.9443818004650901
0.34,1.964528521598075
0.34,1.9871877375957918
0.34,2.078424754954975
0.34,2.0994196654806183
0.34,2.11683410934361
0.34,2.130055278148493
0.34,2.1443087930190066
0.34,2.1477632750160556
0.34,2.1640390863249634
0.34,2.16809514491908
0.34,2.1730741326586966
0.34,2.189038473135305
0.34,2.197393580750042
0.34,2.2105420109727243
0.34,2.2267263591447386
0.34,2.2370454739419467
0.34,2.260935650931933
0.34,2.267871297446713
0.34,4.161120877204398
0.34,4.167279627234964
0.34,4.1702815979496926
0.34,4.172827737772284
0.34,4.174815122962529
0.34,4.176775542696911
0.34,4.177393056374725
0.34,4.17970739873417
0.34,4.179743606762702
0.34,4.180008136236589
0.34,4.180077847172841
0.34,4.181567340881156
0.34,4.181593493179818
0.34,4.182592810011372
0.34,4.182619602604298
0.34,4.183652474624009
0.34,4.183669525191296
0.34,4.40998636614843
0.34,4.414429919864444
0.34,4.41837399058564
0.34,4.420604411610149
0.34,4.426346715955038
0.34,4.426422212738017
0.34,4.439599675039338
0.34,4.439599738871414
0.34,4.460874993565432
0.34,4.460874993569825
0.34,4.49076439476124
0.34,4.490764396745302
0.34,4.52781921717444
0.34,4.527826396994515
0.34,4.555241389663134
0.34,4.564990504808312
0.34,4.628316371217241
0.34,4.651187544592488
0.34,4.699312369995849
0.34,4.699520056480434
0.34,4.749173720744721
0.34,4.749173911807311
0.34,4.797698902915354
0.34,4.7976989029557355
0.34,4.84121645423907
0.34,4.841216454239221
0.34,4.877326065774561
0.34,4.877326066930086
0.34,4.904281773564747
0.34,4.904285023814793
0.34,4.920262071525877
0.34,4.921214739455429
0.34,4.927612692240493
0.38,-1.6940677433879838
0.38,-1.693953899324954
0.38,-1.6851859764343762
0.38,-1.6848018517885217
0.38,-1.6774958237642086
0.38,-1.6627435190250381
0.38,-1.6322916703154569
0.38,-1.6062049518300958
0.38,-1.6008865403183208
0.38,-1.5963355634591905
0.38,-1.5829889228699194
0.38,-1.582503271494194
0.38,-1.422710858014656
0.38,-1.4222941981284785
0.38,-1.4034385241504015
0.38,-1.4005590331530589
0.38,-1.3867434710871087
0.38,-1.380580884674946
0.38,-1.3785711550120407
0.38,-0.861550981416122
0.38,-0.8547708383176914
0.38,-0.8487609065671176
0.38,-0.8386665331596888
0.38,-0.8306904131043277
0.38,-0.8019130212656473
0.38,-0.7934040051831891
0.38,-0.7696231131935931
0.38,-0.7576502131536839
0.38,-0.7455365519882481
0.38,-0.7347092612298985
0.38,-0.726463664304592
0.38,-0.7108473839948461
0.38,-0.7052835791716592
0.38,-0.6979099534009889
0.38,-0.6940349140299928
0.38,-0.6901537777507978
0.38,-0.6889381084021786
0.38,-0.6636033395463856
0.38,-0.4023631476663821
0.38,-0.4006851067688905
0.38,-0.39682616288737027
0.38,-0.39260208363521143
0.38,-0.386711215002858
0.38,-0.38280860235543707
0.38,-0.37895454071454326
0.38,-0.3731979711112439
0.38,-0.3697145570171577
0.38,-0.36725195063177146
0.38,-0.3651263262250445
0.38,-0.30694911550922915
0.38,1.090862716795312
0.38,1.095235666160254
0.38,1.1100015005884978
0.38,1.1105582038341946
0.38,1.1250500591056116
0.38,1.1405184103627146
0.38,1.1406516059644194
0.38,1.2093961719875823
0.38,1.209608912988043
0.38,1.2349273021618665
0.38,1.2377713126219665
0.38,1.2515460170026953
0.38,1.379653529809711
0.38,1.387937819828401
0.38,1.3911473068320586
0.38,1.4082575462225166
0.38,1.4084346136917274
0.38,1.420184358167173
0.38,1.4201875366573116
0.38,1.7821447276798015
0.38,1.7886802337051733
0.38,1.7951486710196662
0.38,1.8100172396179386
0.38,1.8102574818663493
0.38,1.8271824692518037
0.38,1.8300921241037162
0.38,1.8315202770324592
0.38,1.889295198807698
0.38,1.8895529644418678
0.38,1.9016266189870417
0.38,1.9054076840245502
0.38,1.9546779452693641
0.38,1.9954557509120001
0.38,2.0060031940195153
0.38,2.009884850386803
0.38,2.0109757164045816
0.38,2.020988417302304
0.38,2.0215701321664308
0.38,2.204779352915106
0.38,2.205231422312688
0.38,2.2135767025972313
0.38,2.2150444706097834
0.38,2.217090128150072
0.38,2.2381756673350703
0.38,2.261562108231542
0.38,2.27428315827786
0.38,2.283449762893794
0.38,2.2837672391478177
0.38,2.2924806310107706
0.38,2.2925130641059988
0.38,4.161922719546807
0.38,4.183077790840453
0.38,4.1831670248042805
0.38,4.185214013319065
0.38,4.185214479058402
0.38,4.189215792206651
0.38,4.189218358901149
0.38,4.193178924297933
0.38,4.193211478111451
0.38,4.194648856680963
0.38,4.194721924683597
0.38,4.195533067358082
0.38,4.202567570957149
0.38,4.202569818956765
0.38,4.205213519318813
0.38,4.205236251820858
0.38,4.207581857928501
0.38,4.20766895224159
0.38,4.2088090386769075
0.38,4.434636724180967
0.38,4.434636724439282
0.38,4.439903941225329
0.38,4.4399044387988935
0.38,4.450889452354787
0.38,4.451439534839267
0.38,4.4694581771366835
0.38,4.472106025236821
0.38,4.498240202821049
0.38,4.498240464035055
0.38,4.529495306390027
0.38,4.52949530639458
0.38,4.5988869791914
0.38,4.598886979191483
0.38,4.642626641961166
0.38,4.6426266448797
0.38,4.693025945748828
0.38,4.693070764699495
0.38,4.720825069550463
0.38,4.7477453736810356
0.38,4.799912838092806
0.38,4.7999146083712505
0.38,4.842441738090744
0.38,4.842441738127698
0.38,4.878455610270406
0.38,4.878455610270501
0.38,4.905298327789653
0.38,4.905298328351405
0.38,4.92191268781625
0.38,4.921914407735208
0.38,4.927535170188232
0.42,-1.7029554752341334
0.42,-1.7024145420056485
0.42,-1.695754757677764
0.42,-1.692886436834612
0.42,-1.6904512996785466
0.42,-1.679483392088746
0.42,-1.6758474533774057
0.42,-1.67535459787978
0.42,-1.5119938568156108
0.42,-1.511043508868149
0.42,-1.5018055338968366
0.42,-1.4909501284199795
0.42,-1.4463242070056248
0.42,-1.406435054300699
0.42,-1.4017969555072418
0.42,-1.3976072215732984
0.42,-1.3484011578276607
0.42,-1.3459141084891166
0.42,-1.3300268887905415
0.42,-1.3260578122077267
0.42,-1.323358517369785
0.42,-0.735750754585796
0.42,-0.7340000941702101
0.42,-0.7291172243308629
0.42,-0.7250719336566225
0.42,-0.7212598924566066
0.42,-0.7128627122073053
0.42,-0.7108289959951517
0.42,-0.7084787445934658
0.42,-0.6562353953960396
0.42,-0.6552109940448889
0.42,-0.6547524878606732
0.42,-0.6503910508947512
0.42,-0.6485849652977013
0.42,-0.6454451559878513
0.42,-0.6432370695926359
0.42,-0.6256557671451233
0.42,-0.6203893875769328
0.42,-0.6191837772208304
0.42,-0.614386646579825
0.42,-0.611969968743605
0.42,-0.549713556436327
0.42,-0.32960130497968587
0.42,-0.32840098648314303
0.42,-0.32146061049869323
0.42,-0.3209394952491826
0.42,-0.31467079328582165
0.42,-0.31428748805813134
0.42,-0.31224290676198907
0.42,-0.2860099146434842
0.42,1.114427364451569
0.42,1.1146216242540072
0.42,1.1270303008194424
0.42,1.1270398267741404
0.42,1.136207491846815
0.42,1.1419165246929424
0.42,1.1426336711564795
0.42,1.148793817232427
0.42,1.3111976288995058
0.42,1.3217484811338864
0.42,1.3220596016053812
0.42,1.3460041962301323
0.42,1.346011432310948
0.42,1.3892223046114667
0.42,1.3892599723731174
0.42,1.4118265685951727
0.42,1.4193821984493826
0.42,1.4408415679585496
0.42,1.442195327126925
0.42,1.4540785727144834
0.42,1.454080604015228
0.42,1.7578476432539138
0.42,1.8004295783103412
0.42,1.8064611136522195
0.42,1.8081455769522146
0.42,1.8229101801859615
0.42,1.8230359882998222
0.42,1.8468179466878902
0.42,1.8478595833761153
0.42,1.9104830937393882
0.42,1.9625876682231793
0.42,1.9688961326446426
0.42,1.9761627313815988
0.42,1.9772967556630163
0.42,2.065210432718708
0.42,2.0692023504207775
0.42,2.0750044095899276
0.42,2.0825000966686003
0.42,2.0903314576311236
0.42,2.0984507353864554
0.42,2.103847106708435
0.42,2.1071738902573838
0.42,2.317869883420656
0.42,2.3179618041514196
0.42,2.3233325412995276
0.42,2.329124265367946
0.42,2.334294673620049
0.42,2.3368423740388433
0.42,2.3439841493691804
0.42,2.3440491593005945
0.42,4.160330202425953
0.42,4.180228685631104
0.42,4.180233580833319
0.42,4.184522202461546
0.42,4.184522216528871
0.42,4.19025850501301
0.42,4.190260328019839
0.42,4.193539669276999
0.42,4.213447078330148
0.42,4.216551078562737
0.42,4.216624911588788
0.42,4.221581244460587
0.42,4.221589267889655
0.42,4.230097481681726
0.42,4.230211877810434
0.42,4.231027404277395
0.42,4.232135293912842
0.42,4.233398467444232
0.42,4.233538548160462
0.42,4.233885393468677
0.42,4.2342039772346105
0.42,4.455755400937189
0.42,4.455755401493034
0.42,4.4639156211118936
0.42,4.463982339998425
0.42,4.480447847692412
0.42,4.480647132034957
0.42,4.503825218200336
0.42,4.503825218571327
0.42,4.554870437637454
0.42,4.554870437640698
0.42,4.595279193811633
0.42,4.595282081659415
0.42,4.643646491397417
0.42,4.645034915558282
0.42,4.6964278944883295
0.42,4.696427894909556
0.42,4.748201762968702
0.42,4.748201762969432
0.42,4.79583796359229
0.42,4.795838334998317
0.42,4.819257103688022
0.42,4.8426065102392535
0.42,4.882079827920177
0.42,4.882079844858861
0.42,4.907576296449155
0.42,4.907576296449304
0.42,4.923786172924959
0.42,4.92378618753743
0.42,4.929301574259122
0.46,-1.7376420377950361
0.46,-1.7374744914268587
0.46,-1.7373031585201761
0.46,-1.737222489550036
0.46,-1.604395410264841
0.46,-1.6034252854274433
0.46,-1.6017256814956133
0.46,-1.5999537818487681
0.46,-1.5079177354100581
0.46,-1.5009363730847425
0.46,-1.4885301876069867
0.46,-1.4835004394880358
0.46,-1.4343046485889566
0.46,-1.4281790662590337
0.46,-1.4194005857362035
0.46,-1.3776234966547698
0.46,-1.361095431279874
0.46,-1.355233281541224
0.46,-1.3086897228244023
0.46,-1.2524251546709335
0.46,-1.2511720766645094
0.46,-1.248354900859784
0.46,-1.241440321074647
0.46,-0.680303820119958
0.46,-0.6802260558147466
0.46,-0.6794746140600725
0.46,-0.6794208837015087
0.46,-0.6259156982441426
0.46,-0.6254484852922474
0.46,-0.6251171651220264
0.46,-0.6118431665004009
0.46,-0.6116688472803767
0.46,-0.6051422489198427
0.46,-0.5992963268027781
0.46,-0.5893966185396272
0.46,-0.5872190996551558
0.46,-0.5867962761199613
0.46,-0.5772762010022321
0.46,-0.5468062581376805
0.46,-0.5466646800930905
0.46,-0.5431856627127846
0.46,-0.5144697981345931
0.46,-0.4623768009994969
0.46,-0.4618738624485552
0.46,-0.4617238752189699
0.46,-0.41784701050136364
0.46,-0.2465938784507735
0.46,-0.24656358889127922
0.46,-0.24652714804847362
0.46,-0.24372767733103118
0.46,1.0742579952335312
0.46,1.0746634965084492
0.46,1.0746746857250973
0.46,1.1092901617312934
0.46,1.2413544181089509
0.46,1.2496986094716174
0.46,1.2497916944122984
0.46,1.2513040076170387
0.46,1.302478986994198
0.46,1.3376198133448127
0.46,1.3377237708915461
0.46,1.3466970547284793
0.46,1.3719653313075553
0.46,1.390531413165635
0.46,1.3905733327465661
0.46,1.4215287486658819
0.46,1.4228232342480502
0.46,1.4529008912002699
0.46,1.452926631033086
0.46,1.478460575136355
0.46,1.4785306140151018
0.46,1.4909887043276826
0.46,1.4909971466655056
0.46,1.7167564128457526
0.46,1.790845432908103
0.46,1.7927226602186543
0.46,1.7927747599717812
0.46,1.8546380401878535
0.46,1.9177504147479487
0.46,1.9185846334062227
0.46,1.9309298968606214
0.46,1.9855044708479606
0.46,1.996582300029414
0.46,1.9989352034558832
0.46,2.0347048193139954
0.46,2.0415255062359865
0.46,2.056061127572752
0.46,2.0616024799378
0.46,2.1377718715863736
0.46,2.139372554588178
0.46,2.143254968520465
0.46,2.146201947927452
0.46,2.2652307880922513
0.46,2.265871881918048
0.46,2.26839812937568
0.46,2.268678878863181
0.46,2.424065650482009
0.46,2.424086095327222
0.46,2.4246471781885117
0.46,2.4246861349161
0.46,4.156894650510243
0.46,4.170602790540973
0.46,4.170602792460258
0.46,4.171289460911306
0.46,4.195018236930758
0.46,4.198209625010926
0.46,4.19820967567747
0.46,4.20316600118782
0.46,4.2066988000628145
0.46,4.2203281405743756
0.46,4.220329733053553
0.46,4.230909467894493
0.46,4.232937633829878
0.46,4.242852802245828
0.46,4.242860898416495
0.46,4.253331062098877
0.46,4.253443869392314
0.46,4.258714618881055
0.46,4.258758358241428
0.46,4.275496194760288
0.46,4.275524964911279
0.46,4.276003063078247
0.46,4.276012798796357
0.46,4.479899543973168
0.46,4.479899572009548
0.46,4.491011012558828
0.46,4.491011143330043
0.46,4.521271189757495
0.46,4.521271193606092
0.46,4.554962640963131
0.46,4.554962930181405
0.46,4.598494083319977
0.46,4.598494083600885
0.46,4.647777423124679
0.46,4.6477843141788995
0.46,4.699792355830797
0.46,4.699792355874985
0.46,4.751273889736982
0.46,4.751483780162393
0.46,4.79995930086426
0.46,4.799959300868472
0.46,4.840242579428153
0.46,4.845240245185686
0.46,4.87672160220165
0.46,4.876721602202093
0.46,4.887983852248223
0.46,4.908301772254315
0.46,4.930048107543282
0.46,4.930048107543317
0.46,4.934282328595144
0.54,-1.6923638180804312
0.54,-1.6922957450934393
0.54,-1.692233468738023
0.54,-1.6921439957211906
0.54,-1.562707954879128
0.54,-1.5620225149812685
0.54,-1.5611103197286438
0.54,-1.5604117386854084
0.54,-1.46106359330916
0.54,-1.4562792552231576
0.54,-1.45064451525361
0.54,-1.4462883293443487
0.54,-1.3866790587411313
0.54,-1.3764269599111925
0.54,-1.3638293949910736
0.54,-1.3512984274616167
0.54,-1.3218116103083528
0.54,-1.3064477873954872
0.54,-1.2929158650175934
0.54,-1.275816189154054
0.54,-1.2611911385049435
0.54,-1.252704057845813
0.54,-1.2309636183943995
0.54,-1.1902662377041577
0.54,-1.1884845330478984
0.54,-1.1862499314282653
0.54,-1.1265867388579576
0.54,-0.5634793577634203
0.54,-0.5629647812900554
0.54,-0.5612487785731972
0.54,-0.5584373702115567
0.54,-0.543906852366262
0.54,-0.5406548297672418
0.54,-0.5271346470240945
0.54,-0.5243145277041293
0.54,-0.5209334162176552
0.54,-0.5180904246324486
0.54,-0.515523806983671
0.54,-0.47674768223361563
0.54,-0.47647366340196556
0.54,-0.4722959523165875
0.54,-0.4442082545824996
0.54,-0.399738152963681
0.54,-0.39796154516823734
0.54,-0.3977165049849952
0.54,-0.3942025354885209
0.54,-0.25585303939695925
0.54,-0.2557929150023485
0.54,-0.25555567057902995
0.54,-0.2471875998552551
0.54,1.0764327151105004
0.54,1.0764859594243013
0.54,1.07650476229322
0.54,1.112235499658303
0.54,1.2293398770570374
0.54,1.2910691634478058
0.54,1.2910915610942477
0.54,1.293030091748667
0.54,1.367301875475086
0.54,1.3843741267038645
0.54,1.3935185172784577
0.54,1.3935395088955134
0.54,1.4302123822546333
0.54,1.4424428091255315
0.54,1.4538063865398134
0.54,1.4538564642545155
0.54,1.4635378797414396
0.54,1.469732423045054
0.54,1.4697602055237458
0.54,1.487148515700466
0.54,1.4875935776230724
0.54,1.504969812519866
0.54,1.5049979478116151
0.54,1.5770872101137279
0.54,1.577481697501351
0.54,1.5803005874190745
0.54,1.5807001545962642
0.54,1.8533530372998204
0.54,1.856571006378793
0.54,1.8606509314210036
0.54,1.8614143851168017
0.54,1.9232803713470703
0.54,1.9925163873382807
0.54,1.994163347648941
0.54,2.0187044773512564
0.54,2.06306753270665
0.54,2.0879010863456897
0.54,2.0889468253347063
0.54,2.1498018446206477
0.54,2.153244060587242
0.54,2.1824737268599983
0.54,2.184406383269286
0.54,2.292207226019814
0.54,2.2930764939447235
0.54,2.3015978142100657
0.54,2.3018348716572015
0.54,2.4634905926198116
0.54,2.4635096536093792
0.54,2.464625508084958
0.54,2.464664875209634
0.54,4.1517524189458666
0.54,4.160204433854719
0.54,4.160204439384998
0.54,4.160631835237142
0.54,4.192470715321678
0.54,4.195257012469225
0.54,4.1952570853300095
0.54,4.1991429078488824
0.54,4.20573139743267
0.54,4.2223595960110165
0.54,4.222360135022176
0.54,4.234689911878561
0.54,4.238845035219605
0.54,4.2532999274436625
0.54,4.253301168918874
0.54,4.270551408259638
0.54,4.270806915025227
0.54,4.28824974820653
0.54,4.288258217844388
0.54,4.3090328357813785
0.54,4.309091427014625
0.54,4.322788225440609
0.54,4.322790986248469
0.54,4.366735034130251
0.54,4.366736138303005
0.54,4.374564220646205
0.54,4.37456521195401
0.54,4.542185550158108
0.54,4.54218555161864
0.54,4.5656826574454
0.54,4.565682673622251
0.54,4.60769856856298
0.54,4.607698569942595
0.54,4.655101460778893
0.54,4.655103279520716
0.54,4.706499978624433
0.54,4.706499978888709
0.54,4.757733055912776
0.54,4.75783029762683
0.54,4.806073510555972
0.54,4.806073510575049
0.54,4.847034351529027
0.54,4.850352693668146
0.54,4.882920716397242
0.54,4.882920716399053
0.54,4.89692142725677
0.54,4.912772371210486
0.54,4.932796315028715
0.54,4.932796315028816
0.54,4.937363015845226
0.58,-1.6059586629773397
0.58,-1.6057743247696237
0.58,-1.6027512823971584
0.58,-1.6005596656876413
0.58,-1.5980662681782098
0.58,-1.5969468943180205
0.58,-1.595611918681568
0.58,-1.5941383446122013
0.58,-1.415505558273785
0.58,-1.4127399828988276
0.58,-1.4084212972095411
0.58,-1.3986777730896731
0.58,-1.3844329465318204
0.58,-1.3758458201194033
0.58,-1.3698691343976788
0.58,-1.3541874394474753
0.58,-1.2909510372255026
0.58,-1.282318686420588
0.58,-1.2710566532495085
0.58,-1.2593300181018614
0.58,-1.2428988877064462
0.58,-1.2244661429659944
0.58,-1.2145743697879356
0.58,-1.1970299011982624
0.58,-1.1899775977791118
0.58,-1.18196337794124
0.58,-1.1775281646473794
0.58,-1.1737978658633328
0.58,-1.1155657673191604
0.58,-0.534998436657545
0.58,-0.5338478849654466
0.58,-0.5312006746781817
0.58,-0.5249695821501447
0.58,-0.5124012670232566
0.58,-0.503224353971197
0.58,-0.49897696689205046
0.58,-0.495304258683703
0.58,-0.46120388194977086
0.58,-0.45698771492273377
0.58,-0.44939524550919474
0.58,-0.445107633818677
0.58,-0.4423711159066032
0.58,-0.3036486059276103
0.58,-0.30033197494893593
0.58,-0.29635566323491075
0.58,-0.2896579431468779
0.58,-0.28509980944095914
0.58,-0.279933440281368
0.58,-0.2770808821512772
0.58,-0.2625097126262089
0.58,1.152940264803337
0.58,1.1566219651625904
0.58,1.1567712505286674
0.58,1.1666297272314758
0.58,1.1666416664703823
0.58,1.1767690503375703
0.58,1.1778565517802524
0.58,1.1780688344080255
0.58,1.3608914915041428
0.58,1.435853930238404
0.58,1.4370173463478477
0.58,1.4530695432904452
0.58,1.4532336344024492
0.58,1.470695100081034
0.58,1.476554579701476
0.58,1.4803103061817595
0.58,1.4829307950489328
0.58,1.5159335008083592
0.58,1.5186489883148058
0.58,1.5208775131773862
0.58,1.5214372003695593
0.58,1.5526327290299884
0.58,1.5544157693539862
0.58,1.557501194222782
0.58,1.5807545601143616
0.58,1.5846236125675703
0.58,1.5889804074689564
0.58,1.596499837434524
0.58,1.599747045961782
0.58,1.933484218213432
0.58,1.9387634619878005
0.58,1.9425163961430776
0.58,1.9648801403988536
0.58,1.9664070063490828
0.58,2.0362330253279737
0.58,2.0388971867692156
0.58,2.0520621311780163
0.58,2.0892146046118296
0.58,2.1443783619483874
0.58,2.1533647931047706
0.58,2.172424681122455
0.58,2.1725399082042003
0.58,2.379009094757634
0.58,2.379047458109778
0.58,2.3901895239704447
0.58,2.3978965205127376
0.58,2.4097319681462572
0.58,2.4114836595689293
0.58,2.422291673728398
0.58,2.4223250870594466
0.58,4.1539035786792455
0.58,4.167469639719726
0.58,4.167476776138998
0.58,4.171859154302283
0.58,4.171859172645848
0.58,4.177515435109646
0.58,4.177517528787584
0.58,4.180517623885683
0.58,4.22048416074699
0.58,4.225670481278684
0.58,4.225690937963876
0.58,4.237742008466918
0.58,4.237742201196183
0.58,4.254274286023512
0.58,4.254279445998886
0.58,4.2675475862323085
0.58,4.271633037116214
0.58,4.291006398718016
0.58,4.291181150499069
0.58,4.307465797385836
0.58,4.307465831474033
0.58,4.353243490294099
0.58,4.353243507709168
0.58,4.374189026148512
0.58,4.374961529150446
0.58,4.400056397991591
0.58,4.400113365913635
0.58,4.4195636216070575
0.58,4.419563622006775
0.58,4.584638774115021
0.58,4.584638774117824
0.58,4.614079372041804
0.58,4.614087803405881
0.58,4.6585607472374155
0.58,4.659112421104488
0.58,4.709052056189331
0.58,4.7090520565263665
0.58,4.761031500341516
0.58,4.761031500347404
0.58,4.808527304684023
0.58,4.808528799857335
0.58,4.839012391674437
0.58,4.8528698816169635
0.58,4.890030644205028
0.58,4.890030674328931
0.58,4.915963964655609
0.58,4.915963964656655
0.58,4.932185105323121
0.58,4.9321851492287525
0.58,4.937683856278638
0.62,-1.5395107372443324
0.62,-1.5395090835095215
0.62,-1.5343478422686179
0.62,-1.5341891585180218
0.62,-1.5275795240903944
0.62,-1.522235349390617
0.62,-1.5084905858927447
0.62,-1.498081311176903
0.62,-1.497426172554483
0.62,-1.491324355734957
0.62,-1.491253949386963
0.62,-1.469991730476078
0.62,-1.3161436771948953
0.62,-1.313268632599864
0.62,-1.3066337263742882
0.62,-1.2989899688213722
0.62,-1.2893952848324421
0.62,-1.279487929584782
0.62,-1.2681022058099065
0.62,-1.2569946845377649
0.62,-1.2459973247838358
0.62,-1.2361182796075632
0.62,-1.2283339606938029
0.62,-1.1967098019193472
0.62,-1.1746944493787161
0.62,-1.1699281597350693
0.62,-1.1641913777216222
0.62,-1.1588743212559152
0.62,-1.1549179949321358
0.62,-1.151989888724013
0.62,-1.098343675522269
0.62,-0.5038322963425984
0.62,-0.5028070786373846
0.62,-0.4971229633624479
0.62,-0.49309237755756474
0.62,-0.48721684682228755
0.62,-0.48227555005988004
0.62,-0.4805037359252546
0.62,-0.3719518110893611
0.62,-0.36499151761622856
0.62,-0.35899553770288917
0.62,-0.3493506603676967
0.62,-0.34403123736693586
0.62,-0.28942763160739865
0.62,-0.28589938636822226
0.62,-0.2649689632630214
0.62,-0.2591437106093276
0.62,-0.2529498893485195
0.62,-0.24588487234024495
0.62,-0.2430630287699768
0.62,1.2107790227635504
0.62,1.212129186903359
0.62,1.2152954932311975
0.62,1.217912557083014
0.62,1.224431861482192
0.62,1.2244515514578798
0.62,1.236943673591351
0.62,1.2369447761638757
0.62,1.2505619234265135
0.62,1.2505686203583712
0.62,1.2577195635889737
0.62,1.2583445570351495
0.62,1.4787234590817244
0.62,1.5146534465151746
0.62,1.517006488746142
0.62,1.518506075987546
0.62,1.5189882628608253
0.62,1.5272069899818337
0.62,1.5274933238499855
0.62,1.5581866999909841
0.62,1.5703447043474434
0.62,1.5742661542469991
0.62,1.586190218755207
0.62,1.5934781265732054
0.62,1.600501979596651
0.62,1.622337671873676
0.62,1.662083099804013
0.62,1.6681218800914845
0.62,1.6771744423850077
0.62,1.686168120289808
0.62,1.6918931610277324
0.62,1.984212634801838
0.62,1.9878454722822023
0.62,1.9955134535468977
0.62,2.016451719977623
0.62,2.020042801690738
0.62,2.0440372631294137
0.62,2.0443932426763056
0.62,2.2664904533654773
0.62,2.266598258266988
0.62,2.2864593269505202
0.62,2.289251806829515
0.62,2.3048644185910185
0.62,2.3268302196394526
0.62,2.361963383216246
0.62,2.3762741875669215
0.62,2.390534234739283
0.62,2.390721898264639
0.62,2.4024063736370755
0.62,2.4024271037092007
0.62,4.154782505442143
0.62,4.169930512575217
0.62,4.170013637286965
0.62,4.175120982926286
0.62,4.1751211662249474
0.62,4.182986369317597
0.62,4.182986398841733
0.62,4.194242177416247
0.62,4.194242748379127
0.62,4.203653677290439
0.62,4.2036944271271395
0.62,4.20846487544528
0.62,4.252957710912417
0.62,4.25873647713493
0.62,4.2589130779326725
0.62,4.272132277174639
0.62,4.272135125402128
0.62,4.285598324865614
0.62,4.285598332762212
0.62,4.330014317451161
0.62,4.330014321345045
0.62,4.350431976871473
0.62,4.350437655090382
0.62,4.375820566143905
0.62,4.378809887559877
0.62,4.411617653703781
0.62,4.41227818954799
0.62,4.445876007213532
0.62,4.445876027640517
0.62,4.471809525416252
0.62,4.471809525416919
0.62,4.634446419312385
0.62,4.634446419312655
0.62,4.667208807226848
0.62,4.667208814025309
0.62,4.713659323520232
0.62,4.713799450579111
0.62,4.752715736288258
0.62,4.764406323288865
0.62,4.813371698079446
0.62,4.813373438787844
0.62,4.855835723982135
0.62,4.855835724060729
0.62,4.892101563909091
0.62,4.892101563909977
0.62,4.918494931455978
0.62,4.918494933922943
0.62,4.9348913071320295
0.62,4.934895384225549
0.62,4.940444872580339
0.66,-1.4878022663052282
0.66,-1.4824009926508026
0.66,-1.4778534415819915
0.66,-1.4670079938705671
0.66,-1.4663696266283652
0.66,-1.4496261822648944
0.66,-1.4495749339932196
0.66,-1.4299435626593107
0.66,-1.4299371522793625
0.66,-1.420269567281569
0.66,-1.4105445477974374
0.66,-1.4105368652257315
0.66,-1.3955545511295306
0.66,-1.3951261361700105
0.66,-1.3870484568515993
0.66,-1.3760648884198563
0.66,-1.2544256792986233
0.66,-1.2494421866255423
0.66,-1.241212643282463
0.66,-1.2355821972781182
0.66,-1.228162256895726
0.66,-1.2192536347314185
0.66,-1.2098991994746722
0.66,-1.200394955832634
0.66,-1.191134987890776
0.66,-1.1823364018984595
0.66,-1.173712507609871
0.66,-1.1645513749999101
0.66,-1.1542699084521177
0.66,-1.142519622066688
0.66,-1.1290654363040868
0.66,-1.1136262654480156
0.66,-1.0954292439943523
0.66,-0.4951119109923912
0.66,-0.4623169446087376
0.66,-0.43342700186483024
0.66,-0.40799835996840617
0.66,-0.38572874225823023
0.66,-0.3663798734810645
0.66,-0.3495451996354275
0.66,-0.3347212857781434
0.66,-0.3203351235880113
0.66,-0.3077899184694152
0.66,-0.29305591901395045
0.66,-0.2831183044067519
0.66,-0.26487267215965754
0.66,-0.2480042569359115
0.66,-0.22857718269761454
0.66,-0.20164431357035736
0.66,-0.1862264258899158
0.66,1.224540593750244
0.66,1.2393961354126748
0.66,1.2555323773987876
0.66,1.2668062406327372
0.66,1.2728098445819762
0.66,1.2770850435344598
0.66,1.2828483151872454
0.66,1.2892309931319175
0.66,1.2952606663799608
0.66,1.3007112514623362
0.66,1.305931931774179
0.66,1.3091264191509289
0.66,1.314838855911037
0.66,1.3157568692659343
0.66,1.324165729550894
0.66,1.3246002677098803
0.66,1.5253488747174742
0.66,1.5464511185900147
0.66,1.5625101917679622
0.66,1.5790331680346534
0.66,1.5999003945063532
0.66,1.6125161077573076
0.66,1.633971172332592
0.66,1.642963754873206
0.66,1.6599266895971088
0.66,1.671525837996744
0.66,1.6883730599374274
0.66,1.7051342900557767
0.66,1.7211484225105678
0.66,1.7340708587999103
0.66,1.749828990763983
0.66,1.7778825226860246
0.66,1.825256613231767
0.66,1.9757031432513967
0.66,2.0994720868053633
0.66,2.1499885934503205
0.66,2.1850233419916796
0.66,2.210142578625398
0.66,2.233252793589603
0.66,2.2404961553830245
0.66,2.2705155330114524
0.66,2.270905143660803
0.66,2.300931691556689
0.66,2.3036284823449833
0.66,2.3230157797894493
0.66,2.3323073728599613
0.66,2.3542156216195904
0.66,2.363255778880043
0.66,2.3920916505520586
0.66,2.3980917948545417
0.66,4.15493202666149
0.66,4.170109069616643
0.66,4.170568262603421
0.66,4.177191026334539
0.66,4.177275513294843
0.66,4.185458102294112
0.66,4.185460033379222
0.66,4.196162479462349
0.66,4.196162491134278
0.66,4.208515824092635
0.66,4.208517503538209
0.66,4.221025854177693
0.66,4.221311851062905
0.66,4.22992633715459
0.66,4.234933716786201
0.66,4.245126715592951
0.66,4.278156725307563
0.66,4.305231383971699
0.66,4.315314937856705
0.66,4.3276161528694095
0.66,4.328240184464153
0.66,4.351300274102359
0.66,4.3513013924405
0.66,4.381205160720316
0.66,4.381205160947823
0.66,4.416518552996966
0.66,4.416518553196948
0.66,4.455947365603892
0.66,4.455947486082761
0.66,4.495871734100197
0.66,4.495945627811563
0.66,4.521087873490895
0.66,4.526688787240479
0.66,4.683316197457898
0.66,4.689939134497256
0.66,4.724544358393013
0.66,4.724620739865026
0.66,4.7701459351218265
0.66,4.77014600176231
0.66,4.816678567010366
0.66,4.816678567030567
0.66,4.859118297569958
0.66,4.859118297573731
0.66,4.894573856226708
0.66,4.89457387132852
0.66,4.9210752888157625
0.66,4.921093904206008
0.66,4.936154855934432
0.66,4.938163073509655
0.66,4.945296850598032
0.74,-1.4082774882201203
0.74,-1.4082739100376194
0.74,-1.3946631584836002
0.74,-1.3946365678377286
0.74,-1.383869793713295
0.74,-1.38370428378712
0.74,-1.3707455700923215
0.74,-1.3702206031697335
0.74,-1.355821239019183
0.74,-1.350087767081209
0.74,-1.321511301677863
0.74,-1.3099320100317668
0.74,-1.2835769245490722
0.74,-1.2715158343687198
0.74,-1.2684776781318057
0.74,-1.245800541977933
0.74,-1.2428804758315946
0.74,-1.233305518070998
0.74,-1.2310963621891229
0.74,-1.22620674192675
0.74,-1.2243503784046785
0.74,-1.2188505806294314
0.74,-1.2082039776279456
0.74,-1.2045939592380186
0.74,-1.200623035335353
0.74,-1.1936666198587451
0.74,-1.159701673756552
0.74,-1.152380095891187
0.74,-1.1471476847040705
0.74,-1.1417660372374647
0.74,-1.136686992911269
0.74,-1.13239345288538
0.74,-1.1289586558559948
0.74,-1.1241847193062344
0.74,-1.1209087707534409
0.74,-1.1200219861338794
0.74,-1.0382353874959447
0.74,-0.29266903529537663
0.74,-0.29243947558450106
0.74,-0.2622718996813515
0.74,-0.25983303881041675
0.74,-0.24338242633676324
0.74,-0.2357955047823
0.74,-0.2259445428581196
0.74,-0.2164847708759665
0.74,-0.20733160058291472
0.74,-0.18871417642544186
0.74,-0.18558982277876054
0.74,-0.17668342392733866
0.74,-0.15800124511538696
0.74,1.210127734223858
0.74,1.2315711240690974
0.74,1.2561905790187826
0.74,1.263197822421365
0.74,1.2720249306987337
0.74,1.2874903276310172
0.74,1.2999420026327448
0.74,1.3139803866885715
0.74,1.3219952741007377
0.74,1.3461673696995997
0.74,1.3492975457775607
0.74,1.3691251791364067
0.74,1.3931462654135047
0.74,1.4082905058394732
0.74,1.4258583268293732
0.74,1.447072103292172
0.74,1.4493057967781713
0.74,1.4549735036716842
0.74,1.4716044079945403
0.74,1.4757070034533961
0.74,1.492534554867897
0.74,1.4935827150455299
0.74,1.5300038789223085
0.74,1.5303201057719198
0.74,1.6875685173211783
0.74,1.6876273121660632
0.74,1.8561593797369367
0.74,1.8564722012494512
0.74,1.917469440304071
0.74,1.9190752222071141
0.74,1.9541842953029138
0.74,1.9585336591616032
0.74,1.9835363904717473
0.74,2.004905895892426
0.74,2.0149069460752873
0.74,2.0396064238197917
0.74,2.062824795549134
0.74,2.222975269898697
0.74,2.225214231387753
0.74,2.2468700975410054
0.74,2.2714693647159456
0.74,2.2840902295004413
0.74,2.2860500651760516
0.74,2.2879763703214677
0.74,2.294087301699888
0.74,2.2970118290476336
0.74,2.302649062751972
0.74,2.3038749736615904
0.74,2.3095789922554975
0.74,2.3097928489413264
0.74,4.154488699625976
0.74,4.168386432757782
0.74,4.169902452740372
0.74,4.174133199348066
0.74,4.174168192782623
0.74,4.18196892833582
0.74,4.1819775119016
0.74,4.191659661290412
0.74,4.19165976721702
0.74,4.201528648889021
0.74,4.20152866103029
0.74,4.210944968675438
0.74,4.210944969393274
0.74,4.2652534074027795
0.74,4.265253407781011
0.74,4.2764074274947514
0.74,4.2764074409695425
0.74,4.293769016484811
0.74,4.2937694766710495
0.74,4.315117480973943
0.74,4.31514413456409
0.74,4.337317492091317
0.74,4.338701194707121
0.74,4.354073177187741
0.74,4.404306907748042
0.74,4.4146423541150055
0.74,4.424710108945902
0.74,4.464395040215839
0.74,4.464414369159982
0.74,4.510335889574585
0.74,4.510336029817604
0.74,4.559009077832461
0.74,4.5590090789661355
0.74,4.605306389983464
0.74,4.6053063899878905
0.74,4.638135269890841
0.74,4.638135269890899
0.74,4.808845945641754
0.74,4.80884594564179
0.74,4.836047350314878
0.74,4.836047350315913
0.74,4.870975985145181
0.74,4.870975985406572
0.74,4.90321646884121
0.74,4.90321650379731
0.74,4.928284243058564
0.74,4.928294156245616
0.74,4.943652357653696
0.74,4.944034045630902
0.74,4.949413917004471
0.78,-1.3722322004823797
0.78,-1.3712469256648254
0.78,-1.3696035457921985
0.78,-1.3677119995945275
0.78,-1.3659804470560437
0.78,-1.3650026291193462
0.78,-1.3383313296884476
0.78,-1.3370506352780571
0.78,-1.3332344127623266
0.78,-1.331943768677952
0.78,-1.3267482375991686
0.78,-1.2885676554867922
0.78,-1.2782526926369142
0.78,-1.2769336828498536
0.78,-1.2619788438908424
0.78,-1.2618741848087853
0.78,-1.226366551246304
0.78,-1.2163685370662343
0.78,-1.2135766297499206
0.78,-1.2108023938867951
0.78,-1.208896894511075
0.78,-1.203765011379368
0.78,-1.1854382579932534
0.78,-1.1842113808605776
0.78,-1.180708905438443
0.78,-1.1780815177855182
0.78,-1.1756462342434677
0.78,-1.162348424311738
0.78,-1.1280012441582976
0.78,-1.127981684943154
0.78,-1.1042360932664
0.78,-1.1033936058958038
0.78,-1.078522533928404
0.78,-1.0666856983066295
0.78,-1.0512924597966735
0.78,-1.0512576819440098
0.78,-1.0411626939393046
0.78,-1.040009837241325
0.78,-0.9537159125330554
0.78,-0.21241929270858315
0.78,-0.20107920340452123
0.78,-0.19792263803343757
0.78,-0.19222098544956445
0.78,-0.18655617553235304
0.78,-0.18046797516269578
0.78,-0.16943886511773879
0.78,-0.15416024065491973
0.78,-0.14749560522348493
0.78,-0.14224450465979513
0.78,-0.13987137941280506
0.78,1.213719313672666
0.78,1.2341307790401166
0.78,1.2393050404106916
0.78,1.2473322743766126
0.78,1.2568171308335947
0.78,1.2654026774970675
0.78,1.310100896330616
0.78,1.329649704920936
0.78,1.3398679354386003
0.78,1.3522462968788742
0.78,1.3638505861250525
0.78,1.3745817119595465
0.78,1.3916127897961266
0.78,1.40029496576879
0.78,1.4072447065169524
0.78,1.4130676939443434
0.78,1.4193177933728849
0.78,1.4954627271741765
0.78,1.5042450186567828
0.78,1.507047807497223
0.78,1.514073262476238
0.78,1.5197434451046836
0.78,1.7004934484810226
0.78,1.710974734884523
0.78,1.7352976103538815
0.78,1.737693416818288
0.78,1.757497542904169
0.78,1.7756751244910625
0.78,1.9468092267315853
0.78,1.955668134210493
0.78,1.9735010130231965
0.78,1.9756819021649914
0.78,1.9908673246408979
0.78,2.0357575616903083
0.78,2.095505954669144
0.78,2.096054176293435
0.78,2.1109548533167555
0.78,2.1133256437967094
0.78,2.121160083828294
0.78,2.259495532258138
0.78,2.261141725661516
0.78,2.2624533079010223
0.78,2.263561303664255
0.78,2.2651206185314
0.78,2.268749696011256
0.78,2.278842409119046
0.78,2.2791797939499654
0.78,2.2821977071191917
0.78,2.282573961710828
0.78,2.284013170705525
0.78,4.1528905165800785
0.78,4.1653021699929615
0.78,4.1653021751183905
0.78,4.169750763201794
0.78,4.169753370474011
0.78,4.175855127442905
0.78,4.1771498340907405
0.78,4.184002388159893
0.78,4.184002397117393
0.78,4.189498060343649
0.78,4.189507976542251
0.78,4.251424151280257
0.78,4.251449972627898
0.78,4.260499619222836
0.78,4.260499619893961
0.78,4.275075064338624
0.78,4.275342069179898
0.78,4.295765390328739
0.78,4.295771924616062
0.78,4.318208854484059
0.78,4.318208856305432
0.78,4.331036458438052
0.78,4.3449260725527585
0.78,4.377408864559574
0.78,4.377408865712003
0.78,4.412289370078219
0.78,4.412289370273372
0.78,4.437205292560454
0.78,4.486465933944019
0.78,4.5161019583652635
0.78,4.5161019584467486
0.78,4.564257173792788
0.78,4.564257362073665
0.78,4.614486196109996
0.78,4.614607843207347
0.78,4.660354518761674
0.78,4.660354518761871
0.78,4.691076852783213
0.78,4.691079726893051
0.78,4.865082578496094
0.78,4.865083278887048
0.78,4.885778930582285
0.78,4.885778930582433
0.78,4.911778610660624
0.78,4.91204994650134
0.78,4.934486519667544
0.78,4.934486525493144
0.78,4.949055568221682
0.78,4.949055568258634
0.78,4.954073608443864
0.82,-1.3571772250266942
0.82,-1.3559324486717532
0.82,-1.355642722610255
0.82,-1.3513919813976598
0.82,-1.3499430629307607
0.82,-1.3437546041220965
0.82,-1.342915539069462
0.82,-1.3416983902015869
0.82,-1.340413821109487
0.82,-1.2818716795235678
0.82,-1.2781978140976753
0.82,-1.277040277131548
0.82,-1.2701774147119542
0.82,-1.2674945910368336
0.82,-1.2469692696820354
0.82,-1.2452919082187477
0.82,-1.2430469057435312
0.82,-1.241389811056145
0.82,-1.2139678161611849
0.82,-1.2125734395022199
0.82,-1.2091282738770484
0.82,-1.2069270630235605
0.82,-1.2054461566942685
0.82,-1.1935373654979426
0.82,-1.193123590586138
0.82,-1.1783980065419895
0.82,-1.178055797488336
0.82,-1.143812548900434
0.82,-1.1417399862379993
0.82,-1.1125968780731221
0.82,-1.1125747071023537
0.82,-1.055704246294917
0.82,-1.0023744599250293
0.82,-1.0023319539061932
0.82,-0.9841359153923132
0.82,-0.9593703989204782
0.82,-0.9445153857330558
0.82,-0.9439064380233371
0.82,-0.9351828216740058
0.82,-0.9329252000549277
0.82,-0.8026450629347186
0.82,-0.18234695847170132
0.82,-0.1328308534518243
0.82,-0.1306801225135059
0.82,-0.12734355032661554
0.82,-0.12473172156052266
0.82,-0.11863603159964799
0.82,-0.11135934831377099
0.82,-0.10786291292879556
0.82,-0.1058314769102888
0.82,1.2178690730590411
0.82,1.236696895863624
0.82,1.2423779460022588
0.82,1.251366626070518
0.82,1.2648758815143484
0.82,1.2819320553504667
0.82,1.295809360171632
0.82,1.3097349124279811
0.82,1.3218900906924336
0.82,1.3353919372552117
0.82,1.3677973916928174
0.82,1.374639196660751
0.82,1.3827317396107948
0.82,1.3901981729755217
0.82,1.4445344631251131
0.82,1.4478498832199946
0.82,1.4509582162465346
0.82,1.4540759475837832
0.82,1.6017859610515839
0.82,1.6109970806413418
0.82,1.6267762391361469
0.82,1.6346644767409102
0.82,1.658231994546872
0.82,1.749544947658339
0.82,1.7647122046410288
0.82,1.768472434940585
0.82,1.7828951181123096
0.82,1.8386918780889077
0.82,1.9066628708163151
0.82,1.907438026304315
0.82,1.918819019925218
0.82,1.925202301583841
0.82,2.107774045221722
0.82,2.1090409485948203
0.82,2.1111987444895157
0.82,2.1131632820124797
0.82,2.1208393848344116
0.82,2.124426378248501
0.82,2.130729997491309
0.82,2.131902614484615
0.82,2.13409765047824
0.82,2.247871401416923
0.82,2.2478777493177824
0.82,2.25352948280179
0.82,2.253531513163595
0.82,2.25955264859156
0.82,2.261033786079785
0.82,2.2672698604593475
0.82,2.267269906226786
0.82,2.269452916078639
0.82,4.1497558827754615
0.82,4.158119857826399
0.82,4.158119858047347
0.82,4.161327066086254
0.82,4.161521950717268
0.82,4.165726836049727
0.82,4.1657271197572
0.82,4.168956179029823
0.82,4.16895725903255
0.82,4.238884419746434
0.82,4.2388894866167695
0.82,4.246223089138116
0.82,4.246223198523639
0.82,4.258148080638425
0.82,4.2596288504183315
0.82,4.2747907750693015
0.82,4.274790778991949
0.82,4.276776523032649
0.82,4.295786235980065
0.82,4.322102099192603
0.82,4.32210209974723
0.82,4.348348705128977
0.82,4.348361740662813
0.82,4.381588837272889
0.82,4.381589002633169
0.82,4.418453132946701
0.82,4.418453196059641
0.82,4.460917685824939
0.82,4.460941650118994
0.82,4.506473879413385
0.82,4.506473879459281
0.82,4.5390961939718935
0.82,4.588024191884331
0.82,4.621902072353241
0.82,4.621902072353771
0.82,4.669864368459345
0.82,4.6701647940291195
0.82,4.712874935318115
0.82,4.712874935347663
0.82,4.739918045031427
0.82,4.739918084430095
0.82,4.915852537444121
0.82,4.915852599561919
0.82,4.929340340403974
0.82,4.929340340643186
0.82,4.9458296287605785
0.82,4.945858745550564
0.82,4.957894024014303
0.82,4.9578940240146965
0.82,4.962198011750991
0.86,-1.3656361798552972
0.86,-1.363560147629514
0.86,-1.3628406252830232
0.86,-1.359400826372896
0.86,-1.3593781314612212
0.86,-1.3552504599309028
0.86,-1.3546282340782418
0.86,-1.2943245507525334
0.86,-1.2927243224475764
0.86,-1.287628976562921
0.86,-1.2866589944264017
0.86,-1.283502215468884
0.86,-1.280564444904089
0.86,-1.2764503833398348
0.86,-1.242329091954837
0.86,-1.2406586745950223
0.86,-1.2393206119445552
0.86,-1.2365567576618708
0.86,-1.2364175936984714
0.86,-1.2304008162101876
0.86,-1.229172119732078
0.86,-1.1981613275021963
0.86,-1.193711131278368
0.86,-1.181912305023137
0.86,-1.1799257871373705
0.86,-1.1678916830976962
0.86,-1.1605126664227463
0.86,-1.1435914823309437
0.86,-1.099019362920254
0.86,-1.0542813694673003
0.86,-1.0451215729330028
0.86,-1.0203529080864615
0.86,-1.0202564351810097
0.86,-0.9896017250946851
0.86,-0.9888993218604837
0.86,-0.9144874050263898
0.86,-0.8449794707617535
0.86,-0.8445976548543194
0.86,-0.8291329886127481
0.86,-0.8284901275394816
0.86,-0.8201133965994144
0.86,-0.8142000172521431
0.86,-0.6314013673870458
0.86,-0.15947450449180425
0.86,-0.07678894909007919
0.86,-0.07518582414094725
0.86,-0.07346031099910871
0.86,-0.07164901005519143
0.86,-0.06991939503978084
0.86,-0.06919148196532204
0.86,1.2238967803861125
0.86,1.2422597220704081
0.86,1.2476611111453584
0.86,1.2567595810441863
0.86,1.268169661222881
0.86,1.2806868851349555
0.86,1.2919371297020745
0.86,1.3045879538984322
0.86,1.3507778438114062
0.86,1.3563187830861405
0.86,1.369086601721308
0.86,1.3769363040829516
0.86,1.3856508495387108
0.86,1.3956974508327136
0.86,1.493199012105975
0.86,1.5213159651975632
0.86,1.5411985249491367
0.86,1.5525204201229459
0.86,1.567148860560289
0.86,1.5811474388913649
0.86,1.610246145887475
0.86,1.669710035083737
0.86,1.7689282646764881
0.86,1.7761197392197203
0.86,1.8075302073204262
0.86,1.8133935432840262
0.86,1.8303524382201357
0.86,1.8462801729172147
0.86,1.8662104840437874
0.86,1.971670812998405
0.86,1.9760927652718199
0.86,1.984004627813319
0.86,1.9851162180000832
0.86,1.9906997704900316
0.86,1.994963238297316
0.86,2.0013828119461823
0.86,2.1686684423540483
0.86,2.173306480544622
0.86,2.1740563956179764
0.86,2.1819035835597527
0.86,2.1820114395041204
0.86,2.1869344519300675
0.86,2.188550896075449
0.86,2.2369461262273322
0.86,2.238480535221981
0.86,2.239131937574228
0.86,2.2408408275001923
0.86,2.2409729918028884
0.86,2.2425743307438597
0.86,2.2430672258121955
0.86,4.1435272706632995
0.86,4.145144494308178
0.86,4.1451446277109785
0.86,4.146558437807817
0.86,4.146558442423631
0.86,4.147751938991649
0.86,4.147783012139031
0.86,4.224747604454677
0.86,4.224857911085819
0.86,4.230168290486986
0.86,4.2301683033314985
0.86,4.231407969526356
0.86,4.238795793223449
0.86,4.238797263210772
0.86,4.259024982760429
0.86,4.283961690474497
0.86,4.283962749298256
0.86,4.301877260726563
0.86,4.301877260982375
0.86,4.324161033946501
0.86,4.324208794279263
0.86,4.351602856222487
0.86,4.35341158378909
0.86,4.383930891352219
0.86,4.383930901102972
0.86,4.420900784761923
0.86,4.420900788047705
0.86,4.462153928375295
0.86,4.462879164349418
0.86,4.511893996725531
0.86,4.511902846992423
0.86,4.56201709844419
0.86,4.562017098444484
0.86,4.61234918702701
0.86,4.612349209116068
0.86,4.644710917670266
0.86,4.698927548126887
0.86,4.726967954605679
0.86,4.726967957589428
0.86,4.7630847480933465
0.86,4.763084748094489
0.86,4.785324586138249
0.86,4.785333503858196
0.86,4.960296399274396
0.86,4.9603001792493435
0.86,4.966897977553537
0.86,4.966897977554274
0.86,4.97406374486327
0.86,4.974063749853469
0.86,4.976963861910108
0.94,-1.423439405611535
0.94,-1.4234389186899497
0.94,-1.423436024479755
0.94,-1.3794864706612442
0.94,-1.3794846171354307
0.94,-1.3794649433968107
0.94,-1.356938196309185
0.94,-1.3569119692195946
0.94,-1.356903418131372
0.94,-1.3294121940515626
0.94,-1.3292184870721517
0.94,-1.3291997976423713
0.94,-1.295552503002313
0.94,-1.295550703597552
0.94,-1.2955477391064838
0.94,-1.2648168845720722
0.94,-1.2647683574429165
0.94,-1.2641270543860335
0.94,-1.204276912208552
0.94,-1.2037528054780406
0.94,-1.2034866697773048
0.94,-1.140546183165667
0.94,-1.1359838453878133
0.94,-1.1352170859422448
0.94,-1.0758273441030217
0.94,-1.074757668137508
0.94,-1.0628814864695717
0.94,-1.018587591552125
0.94,-1.004586841764485
0.94,-1.0015935370811078
0.94,-0.9702117934769962
0.94,-0.9532484471031959
0.94,-0.9471016383446029
0.94,-0.9258666488094471
0.94,-0.9234405469805818
0.94,-0.863952987062006
0.94,-0.8616288633952308
0.94,-0.8026931843638779
0.94,-0.7533771332695637
0.94,-0.7530694854732662
0.94,-0.7510441285343206
0.94,-0.6668372895388099
0.94,-0.6667450587307482
0.94,-0.5958074831844715
0.94,-0.4755298867942512
0.94,-0.4754987625887453
0.94,-0.27858105138672584
0.94,-0.10148757440582593
0.94,0.006202595280062138
0.94,0.0062057245076410535
0.94,1.1845042804611614
0.94,1.1916874077152255
0.94,1.192141252113333
0.94,1.2630396862049347
0.94,1.265565423880631
0.94,1.2667549559208833
0.94,1.2889650965402715
0.94,1.3837293639759496
0.94,1.3846879686247842
0.94,1.4331501457913352
0.94,1.4549777253620284
0.94,1.4593725579373162
0.94,1.5340684115074439
0.94,1.5427958415872907
0.94,1.5573051772571835
0.94,1.5861212445528905
0.94,1.6021797090042191
0.94,1.6218228194317628
0.94,1.6363496439401546
0.94,1.673645177646644
0.94,1.7016344494226363
0.94,1.7239884902643896
0.94,1.7330588907978957
0.94,1.7798414620042708
0.94,1.786490782389884
0.94,1.7942862863326452
0.94,1.8572782676846833
0.94,1.8590126723856963
0.94,1.8655253627573412
0.94,1.9342009362200778
0.94,1.9358086569903417
0.94,1.9363217426139436
0.94,2.0088499898714187
0.94,2.009500100264566
0.94,2.0096681852156717
0.94,2.053894342325961
0.94,2.0539467192525165
0.94,2.0541452805292972
0.94,2.1324147221137064
0.94,2.132430660495771
0.94,2.1326702505779815
0.94,2.1437853348691838
0.94,2.1437961816060156
0.94,2.1439490994433092
0.94,2.2340074082968293
0.94,2.2340541672244996
0.94,2.234055849026942
0.94,2.2354785306691243
0.94,2.235521975024104
0.94,2.2355235848076176
0.94,4.092754246229902
0.94,4.092754246261696
0.94,4.10830543287883
0.94,4.1421132990644285
0.94,4.156862865189903
0.94,4.156862865996104
0.94,4.192288991626797
0.94,4.205606437946727
0.94,4.205606444208271
0.94,4.236232489957541
0.94,4.242502875301656
0.94,4.242502894704554
0.94,4.254601311132505
0.94,4.274023779710047
0.94,4.274023860608609
0.94,4.295272378057104
0.94,4.2952724043392045
0.94,4.309232179440673
0.94,4.311704128069141
0.94,4.334561672352942
0.94,4.33456264543668
0.94,4.3600048147030215
0.94,4.360004815297538
0.94,4.3897880346361475
0.94,4.389869194012505
0.94,4.425108272431724
0.94,4.425126993591282
0.94,4.466170000697414
0.94,4.466170000699642
0.94,4.512700605900268
0.94,4.512701042118235
0.94,4.563100264708877
0.94,4.563818101315239
0.94,4.616311863508699
0.94,4.616311863513341
0.94,4.66852942971167
0.94,4.668529431210192
0.94,4.707939343562103
0.94,4.7276756356013285
0.94,4.7550979850749115
0.94,4.755097985120906
0.94,4.815368712288998
0.94,4.815368712344362
0.94,4.821906837997646
0.94,4.910070848772615
0.94,4.910877303392681
0.94,4.910877303400942
0.94,5.0375674342890235
0.94,5.037567434289822
0.94,5.037597315592502
0.98,-1.4697464820987376
0.98,-1.4640740821636788
0.98,-1.4371477556607373
0.98,-1.4166992610438356
0.98,-1.4006956516291065
0.98,-1.3998146976076211
0.98,-1.3935802862562456
0.98,-1.3769971705276123
0.98,-1.3712809589381318
0.98,-1.367477798335373
0.98,-1.3568782385151141
0.98,-1.3434209857979558
0.98,-1.3410100411398005
0.98,-1.3226068168981169
0.98,-1.3024259874611972
0.98,-1.2808976673420411
0.98,-1.258298212424724
0.98,-1.2348571667464443
0.98,-1.2107768267009271
0.98,-1.186241527131959
0.98,-1.1614199824812637
0.98,-1.1364788786974442
0.98,-1.1115748507519734
0.98,-1.0868271768089985
0.98,-1.062478967617188
0.98,-1.038578721689316
0.98,-1.0150883358428804
0.98,-0.9931535287201969
0.98,-0.970968486938055
0.98,-0.9497885752782819
0.98,-0.9338244507442379
0.98,-0.9091071827093398
0.98,-0.8949781519022533
0.98,-0.8872864362063252
0.98,-0.847751666003823
0.98,-0.8409779932809804
0.98,-0.8371284269688253
0.98,-0.7883874357581442
0.98,-0.7756342199201468
0.98,-0.7205753958282138
0.98,-0.7006976297441596
0.98,-0.6445509169029036
0.98,-0.6228942292863642
0.98,-0.5733166841283226
0.98,-0.5308034774983711
0.98,-0.4818733459695719
0.98,-0.3662012135355104
0.98,-0.3131147473571908
0.98,-0.08888873049090495
0.98,-0.04006430796253367
0.98,1.0298202693010436
0.98,1.0661114677090746
0.98,1.226889870119356
0.98,1.248949380372886
0.98,1.2710905434959119
0.98,1.362516629189512
0.98,1.3744768500973652
0.98,1.4061773146655672
0.98,1.4425269460907437
0.98,1.47278447626828
0.98,1.4900098286316383
0.98,1.5090184355643952
0.98,1.5450749470388245
0.98,1.5601033607771724
0.98,1.5756376088197679
0.98,1.6035689383904124
0.98,1.6247757734993489
0.98,1.64329416905615
0.98,1.6678473323418281
0.98,1.6897585290899582
0.98,1.71087396759304
0.98,1.7330287103020798
0.98,1.7545316450817532
0.98,1.7764335979104346
0.98,1.7991056731224477
0.98,1.822234986928687
0.98,1.8458453330070739
0.98,1.8696972833447543
0.98,1.8934085948961707
0.98,1.9165159496778672
0.98,1.9382081132339992
0.98,1.9568214998053277
0.98,1.9729050804438388
0.98,1.9885629378211902
0.98,2.0073408462308406
0.98,2.0195352638523167
0.98,2.0427827619644865
0.98,2.047787580439147
0.98,2.07928189599612
0.98,2.0803856174418436
0.98,2.116927779729039
0.98,2.117113245782262
0.98,2.1550360526279455
0.98,2.15506282762295
0.98,2.191928624874213
0.98,2.191932143132144
0.98,2.226779684396878
0.98,2.226780034056732
0.98,2.2480149287649445
0.98,2.2480150119613467
0.98,4.064173553298784
0.98,4.074410548117491
0.98,4.111273607746595
0.98,4.1251007740226795
0.98,4.152232091901249
0.98,4.167363003124651
0.98,4.187505276215263
0.98,4.203139527888782
0.98,4.217771546940214
0.98,4.233444203274462
0.98,4.243325532593872
0.98,4.258785214918252
0.98,4.264870864803552
0.98,4.280383708209175
0.98,4.283828307971404
0.98,4.29982742821679
0.98,4.301186615703641
0.98,4.318788497820444
0.98,4.319020430671638
0.98,4.339665007644678
0.98,4.339680062631344
0.98,4.363837455089719
0.98,4.363837880910324
0.98,4.392315684663511
0.98,4.392315690097281
0.98,4.42635763028654
0.98,4.426357630318757
0.98,4.466643097836805
0.98,4.4666430978476335
0.98,4.512789666615334
0.98,4.5127896670234
0.98,4.5634552520751885
0.98,4.5634552706415885
0.98,4.616544096926806
0.98,4.61654499236359
0.98,4.669302275011315
0.98,4.669341234854499
0.98,4.717545078122875
0.98,4.718725379880943
0.98,4.752560096169415
0.98,4.76421476283513
0.98,4.788649183051466
0.98,4.813111128136042
0.98,4.841049740158913
0.98,4.871686286690906
0.98,4.905384894081775
0.98,4.942554913583709
0.98,4.983674095023568
0.98,5.029173116449859
0.98,5.079396318420096
